																				numberOneDigit
 35 28 12 15 04 39		-	 	03 01 2024					1
 18 27 04 33 07 01		-	 	07 01 2024					2
 29 01 11 10 36 30		-	 	10 01 2024					1
 47 27 20 44 41 28		-	 	14 01 2024					-
 43 06 21 09 34 47		-	 	17 01 2024					2
 22 33 36 44 27 19		-	 	21 01 2024					-
 04 01 46 24 38 39		-	 	24 01 2024					2
 25 03 19 21 24 15		-	 	28 01 2024					1
 04 22 21 34 13 48		-	 	31 01 2024					1
 
 34 45 42 41 18 38		-	 	04 02 2024					-
 08 30 16 12 48 27		-	 	07 02 2024					1
 19 41 01 31 27 12		-	 	11 02 2024					1
 42 03 18 07 29 39		-	 	14 02 2024					2
 42 24 31 12 35 23		-	 	18 02 2024					-
 14 35 30 39 08 02		-	 	21 02 2024					2
 45 40 31 35 14 05		-	 	25 02 2024					1
 42 13 30 27 45 14		-	 	28 02 2024					-
 
 25 31 06 27 33 48		-	 	03 03 2024					1
 30 22 04 07 39 37		-	 	06 03 2024					2
 35 34 18 32 12 30		-	 	10 03 2024					-
 18 46 34 16 43 48		-	 	13 03 2024					-
 17 19 13 41 34 24		-	 	17 03 2024					-
 22 08 31 11 10 21		-	 	20 03 2024					1
 32 21 09 48 25 28		-	 	24 03 2024					1
 30 23 16 06 19 11		-	 	27 03 2024					1		
 17 29 43 27 04 14		-	 	31 03 2024					1
 
 02 07 38 18 31 26		-	 	03 04 2024					2
 35 20 25 05 22 10		-	 	07 04 2024					1
 37 35 34 33 47 40		-	 	10 04 2024					-
 
 05 17 07 47 41 19		-	 	14 04 2024					2
 
 
 ten en cuenta que los numeros que mas salieron son: 27, 30, 34, 35, 4, 18  y los numeros que menos salieron son: 26, 2, 3, 5, 9, 15
 
 usando estadistica con las filas anteriores muestra una posible linea extra de 6 numeros mayores a 0 y menores a 49
